"SMC_Fib"	"EC"	"Macr"	"B"	"T"	"NK"	"Neut"
"SMC_Fib"	0	253	288	361	396	348	372
"EC"	253	0	307	379	396	370	378
"Macr"	288	307	0	245	272	229	264
"B"	361	379	245	0	173	146	278
"T"	396	396	272	173	0	27	281
"NK"	348	370	229	146	27	0	247
"Neut"	372	378	264	278	281	247	0
