"SMC_Fib"	"EC"	"Macr"	"B"	"T_NK"	"Neut"
"SMC_Fib"	0	253	288	361	428	372
"EC"	253	0	307	379	422	378
"Macr"	288	307	0	245	272	264
"B"	361	379	245	0	177	278
"T_NK"	428	422	272	177	0	258
"Neut"	372	378	264	278	258	0
